# accuracy_nlwiki400_enwiki400_lowercase

500	0,099374021909233182	0,21752738654147105	0,26291079812206575
600	0,19747557003257329	0,3513843648208469	0,42304560260586321
700	0,27334465195246183	0,45585738539898135	0,52886247877758918
800	0,32890070921985815	0,52260638297872342	0,5917553191489362
900	0,36317254174397029	0,5644712430426716	0,63218923933209648
1000	0,39931906614785995	0,59095330739299612	0,64640077821011677
1100	0,41104294478527609	0,60838445807770958	0,66564417177914115
1200	0,41325431034482757	0,61907327586206895	0,67834051724137934
1300	0,42027334851936221	0,62813211845102501	0,68052391799544421
1400	0,43357487922705312	0,62741545893719808	0,68538647342995174
1500	0,43508997429305912	0,63303341902313626	0,68701799485861181
1600	0,44230769230769229	0,6428571428571429	0,69917582417582413
1700	0,43805309734513276	0,64233038348082594	0,69321533923303835
1800	0,45063694267515925	0,63853503184713378	0,6926751592356688
1900	0,45501730103806226	0,643598615916955	0,69377162629757783
2000	0,45738636363636365	0,64867424242424243	0,70454545454545459
2100	0,46338912133891214	0,65481171548117156	0,70397489539748959
2200	0,45677570093457942	0,6460280373831776	0,70794392523364491
2300	0,46560846560846558	0,65079365079365081	0,70767195767195767
2400	0,46951219512195119	0,64939024390243905	0,70121951219512191
2500	0,4694244604316547	0,64748201438848918	0,70503597122302153
2600	0,45833333333333331	0,65131578947368418	0,71271929824561409
2700	0,44662921348314605	0,63764044943820219	0,6882022471910112
2800	0,44921875000000000	0,62500000000000000	0,6796875000000000
2900	0,48076923076923078	0,65384615384615385	0,69230769230769229


500	0,3830203442879499	0,55790297339593109	0,61502347417840375
600	0,3965798045602606	0,56921824104234531	0,63273615635179148
700	0,41893039049235992	0,58531409168081494	0,64261460101867574
800	0,42375886524822692	0,59042553191489366	0,64849290780141844
900	0,43320964749536178	0,60111317254174401	0,65816326530612246
1000	0,43433852140077822	0,60700389105058361	0,66293774319066145
1100	0,43967280163599182	0,6073619631901841	0,66462167689161555
1200	0,43534482758620691	0,61153017241379315	0,66918103448275867
1300	0,43223234624145784	0,60990888382687924	0,65945330296127558
1400	0,43538647342995168	0,60990338164251212	0,66606280193236711
1500	0,43444730077120824	0,61503856041131111	0,66645244215938304
1600	0,44505494505494503	0,61332417582417587	0,6607142857142857
1700	0,43657817109144542	0,61061946902654862	0,66297935103244843
1800	0,43152866242038218	0,61226114649681529	0,65843949044585992
1900	0,42993079584775085	0,60380622837370246	0,65743944636678198
2000	0,44128787878787878	0,60511363636363635	0,66287878787878785
2100	0,44142259414225943	0,61297071129707115	0,66108786610878656
2200	0,43574766355140188	0,60046728971962615	0,65887850467289721
2300	0,4417989417989418	0,60052910052910058	0,65343915343915349
2400	0,43597560975609756	0,60670731707317072	0,65701219512195119
2500	0,44424460431654678	0,60431654676258995	0,65827338129496404
2600	0,43640350877192985	0,59210526315789469	0,65131578947368418
2700	0,42134831460674155	0,57865168539325840	0,64325842696629210
2800	0,41406250000000000	0,56250000000000000	0,62500000000000000
2900	0,41666666666666669	0,60256410256410253	0,64743589743589747